image: map_cleaned.pgm
resolution: 0.050000
origin: [-4.307218, -12.337434, 0.000000]
negate: 0
occupied_thresh: 0.65
free_thresh: 0.196

